697
1 7 2 3 4 10 13 14 50
2 5 1 10 49 50 92
3 6 1 4 5 12 13 15
4 2 1 3
5 5 3 6 8 11 12
6 3 5 7 8
7 6 6 8 9 20 24 32
8 7 5 6 7 9 11 18 19
9 4 7 8 19 20
10 6 1 2 14 16 21 92
11 5 5 8 12 13 18
12 5 3 5 11 13 15
13 9 1 3 11 12 14 15 18 21 22
14 5 1 10 13 21 22
15 3 3 12 13
16 6 10 21 91 92 93 99
17 8 21 22 34 35 94 99 120 121
18 8 8 11 13 19 22 35 36 37
19 7 8 9 18 20 30 32 37
20 4 7 9 19 32
21 8 10 13 14 16 17 22 93 99
22 6 13 14 17 18 21 35
23 5 24 25 28 32 41
24 4 7 23 25 32
25 5 23 24 26 27 41
26 3 25 27 41
27 8 25 26 39 40 41 440 441 447
28 6 23 30 31 32 41 42
29 4 30 31 36 37
30 6 19 28 29 31 32 37
31 7 28 29 30 36 42 43 46
32 7 7 19 20 23 24 28 30
33 1 34
34 8 17 33 35 36 38 120 121 122
35 5 17 18 22 34 36
36 8 18 29 31 34 35 37 38 46
37 5 18 19 29 30 36
38 7 34 36 45 46 122 123 136
39 6 27 40 41 42 446 447
40 3 27 39 447
41 7 23 25 26 27 28 39 42
42 6 28 31 39 41 43 446
43 7 31 42 44 46 446 448 454
44 6 43 46 47 48 454 456
45 3 38 46 136
46 8 31 36 38 43 44 45 48 136
47 6 44 48 136 137 139 456
48 4 44 46 47 136
49 4 2 50 91 92
50 6 1 2 49 51 52 91
51 3 50 52 53
52 4 50 51 53 91
53 6 51 52 54 89 91 101
54 2 53 101
55 3 56 57 62
56 4 55 57 102 103
57 4 55 56 62 103
58 4 61 64 66 67
59 5 60 61 105 106 110
60 5 59 61 62 63 106
61 8 58 59 60 67 107 108 110 172
62 5 55 57 60 63 103
63 4 60 62 103 106
64 4 58 65 66 70
65 6 64 66 70 168 173 175
66 5 58 64 65 67 168
67 6 58 61 66 107 168 172
68 4 70 71 78 80
69 5 80 175 197 198 199
70 5 64 65 68 80 175
71 3 68 73 78
72 4 73 75 77 84
73 4 71 72 77 78
74 4 75 76 353 354
75 7 72 74 76 83 84 85 86
76 4 74 75 86 353
77 5 72 73 78 81 84
78 7 68 71 73 77 79 80 81
79 1 78
80 8 68 69 70 78 81 82 175 198
81 7 77 78 80 82 84 85 213
82 5 80 81 196 198 213
83 5 75 85 86 87 353
84 5 72 75 77 81 85
85 7 75 81 83 84 87 211 213
86 4 75 76 83 353
87 6 83 85 211 353 365 383
88 7 89 90 95 96 99 100 115
89 6 53 88 90 91 101 115
90 5 88 89 91 99 100
91 10 16 49 50 52 53 89 90 92 93 99
92 5 2 10 16 49 91
93 4 16 21 91 99
94 3 17 120 121
95 7 88 96 97 115 116 125 126
96 4 88 95 97 99
97 7 95 96 98 99 121 125 129
98 3 97 99 121
99 12 16 17 21 88 90 91 93 96 97 98 100 121
100 3 88 90 99
101 5 53 54 89 102 115
102 5 56 101 103 104 115
103 8 56 57 62 63 102 104 106 109
104 8 102 103 109 110 113 115 118 119
105 4 59 106 109 110
106 6 59 60 63 103 105 109
107 2 61 67
108 5 61 110 111 171 172
109 5 103 104 105 106 110
110 8 59 61 104 105 108 109 111 119
111 5 108 110 119 171 185
112 4 114 116 142 145
113 6 104 114 115 116 117 118
114 5 112 113 116 117 145
115 8 88 89 95 101 102 104 113 116
116 7 95 112 113 114 115 126 142
117 7 113 114 118 119 143 145 146
118 4 104 113 117 119
119 7 104 110 111 117 118 143 185
120 4 17 34 94 121
121 11 17 34 94 97 98 99 120 122 123 128 129
122 4 34 38 121 123
123 7 38 121 122 128 130 135 136
124 6 125 126 131 134 141 152
125 6 95 97 124 126 129 134
126 6 95 116 124 125 141 142
127 4 128 129 130 134
128 5 121 123 127 129 130
129 6 97 121 125 127 128 134
130 6 123 127 128 133 134 135
131 3 124 134 152
132 4 134 154 507 510
133 6 130 134 135 136 138 510
134 11 124 125 127 129 130 131 132 133 152 154 510
135 4 123 130 133 136
136 10 38 45 46 47 48 123 133 135 138 139
137 5 47 139 456 505 506
138 6 133 136 139 504 505 510
139 5 47 136 137 138 505
140 5 141 142 145 147 151
141 7 124 126 140 142 150 151 152
142 6 112 116 126 140 141 145
143 8 117 119 144 146 185 296 298 299
144 6 143 146 148 149 298 308
145 7 112 114 117 140 142 146 147
146 6 117 143 144 145 147 148
147 9 140 145 146 148 149 151 155 156 161
148 4 144 146 147 149
149 6 144 147 148 156 160 308
150 4 141 151 152 154
151 6 140 141 147 150 154 155
152 6 124 131 134 141 150 154
153 3 155 161 521
154 9 132 134 150 151 152 155 507 508 520
155 7 147 151 153 154 161 520 521
156 6 147 149 157 160 161 162
157 2 156 162
158 5 159 164 165 307 311
159 6 158 160 164 166 307 308
160 7 149 156 159 162 163 166 308
161 7 147 153 155 156 162 163 521
162 5 156 157 160 161 163
163 5 160 161 162 166 521
164 5 158 159 165 166 311
165 2 158 164
166 10 159 160 163 164 309 311 521 522 559 560
167 7 168 169 170 178 181 183 186
168 8 65 66 67 167 169 170 172 173
169 5 167 168 173 174 178
170 5 167 168 171 172 183
171 6 108 111 170 172 183 185
172 6 61 67 108 168 170 171
173 5 65 168 169 174 175
174 4 169 173 175 178
175 10 65 69 70 80 173 174 176 178 179 199
176 3 175 179 199
177 5 178 179 180 189 190
178 10 167 169 174 175 177 179 181 186 188 190
179 6 175 176 177 178 180 199
180 5 177 179 189 199 200
181 5 167 178 183 186 187
182 5 183 184 185 187 296
183 7 167 170 171 181 182 185 187
184 4 182 185 296 299
185 8 111 119 143 171 182 183 184 299
186 6 167 178 181 187 188 193
187 7 181 182 183 186 193 296 297
188 5 178 186 190 192 193
189 7 177 180 190 191 194 200 225
190 7 177 178 188 189 191 192 194
191 6 189 190 194 224 225 246
192 6 188 190 193 194 301 305
193 6 186 187 188 192 297 305
194 8 189 190 191 192 195 246 249 301
195 4 194 249 301 302
196 7 82 197 198 205 210 212 213
197 8 69 196 198 199 200 205 208 209
198 5 69 80 82 196 197
199 7 69 175 176 179 180 197 200
200 8 180 189 197 199 201 202 208 225
201 2 200 202
202 10 200 201 208 224 225 226 227 228 229 230
203 9 204 205 206 207 210 216 217 218 219
204 2 203 210
205 6 196 197 203 207 209 210
206 7 203 207 208 209 219 232 273
207 4 203 205 206 209
208 8 197 200 202 206 209 229 231 232
209 5 197 205 206 207 208
210 10 196 203 204 205 212 213 214 216 218 220
211 6 85 87 212 213 214 383
212 4 196 210 211 213
213 8 81 82 85 196 210 211 212 214
214 8 210 211 213 220 221 222 383 384
215 2 383 384
216 4 203 210 217 218
217 11 203 216 218 219 220 222 266 268 269 275 276
218 5 203 210 216 217 220
219 5 203 206 217 269 273
220 6 210 214 217 218 222 276
221 6 214 222 223 384 385 387
222 7 214 217 220 221 223 276 278
223 4 221 222 278 387
224 5 191 202 225 226 246
225 5 189 191 200 202 224
226 7 202 224 230 246 247 250 251
227 3 202 228 230
228 4 202 227 229 230
229 7 202 208 228 230 231 238 242
230 7 202 226 227 228 229 242 250
231 5 208 229 232 238 241
232 10 206 208 231 234 237 240 241 245 271 273
233 5 236 238 239 240 244
234 6 232 237 243 270 271 274
235 7 236 237 239 243 255 258 259
236 5 233 235 237 239 240
237 7 232 234 235 236 240 243 245
238 7 229 231 233 239 240 241 242
239 8 233 235 236 238 242 244 255 256
240 6 232 233 236 237 238 241
241 4 231 232 238 240
242 6 229 230 238 239 250 256
243 6 234 235 237 259 270 279
244 2 233 239
245 2 232 237
246 7 191 194 224 226 247 248 249
247 4 226 246 248 251
248 4 246 247 249 251
249 8 194 195 246 248 251 302 317 322
250 5 226 230 242 251 256
251 8 226 247 248 249 250 256 262 317
252 6 253 254 255 257 260 264
253 8 252 256 257 260 261 262 263 265
254 8 252 255 258 259 261 264 282 287
255 8 235 239 252 254 256 257 258 259
256 8 239 242 250 251 253 255 257 262
257 4 252 253 255 256
258 4 235 254 255 259
259 7 235 243 254 255 258 279 282
260 4 252 253 261 264
261 6 253 254 260 264 265 287
262 5 251 253 256 263 317
263 6 253 262 265 317 319 321
264 4 252 254 260 261
265 6 253 261 263 287 320 321
266 6 217 267 269 272 273 275
267 5 266 272 275 277 284
268 2 217 269
269 5 217 219 266 268 273
270 4 234 243 274 279
271 5 232 234 272 273 274
272 8 266 267 271 273 274 280 283 284
273 7 206 219 232 266 269 271 272
274 6 234 270 271 272 279 283
275 5 217 266 267 276 277
276 6 217 220 222 275 277 278
277 7 267 275 276 278 284 291 295
278 7 222 223 276 277 291 387 393
279 8 243 259 270 274 280 281 282 283
280 6 272 279 281 283 284 285
281 6 279 280 282 285 287 290
282 5 254 259 279 281 287
283 4 272 274 279 280
284 7 267 272 277 280 285 288 295
285 6 280 281 284 286 288 290
286 5 285 288 289 290 332
287 9 254 261 265 281 282 289 290 320 330
288 7 284 285 286 294 295 332 334
289 6 286 287 290 328 330 332
290 5 281 285 286 287 289
291 7 277 278 292 293 295 393 397
292 7 291 293 294 333 334 397 411
293 4 291 292 294 295
294 5 288 292 293 295 334
295 6 277 284 288 291 293 294
296 8 143 182 184 187 297 298 299 305
297 4 187 193 296 305
298 9 143 144 296 304 305 306 307 308 314
299 4 143 184 185 296
300 2 301 305
301 6 192 194 195 300 302 305
302 6 195 249 301 303 305 322
303 5 302 305 322 323 324
304 3 298 305 314
305 12 192 193 296 297 298 300 301 302 303 304 314 324
306 6 298 307 309 310 311 314
307 7 158 159 298 306 308 309 311
308 6 144 149 159 160 298 307
309 6 166 306 307 310 311 559
310 5 306 309 314 559 565
311 6 158 164 166 306 307 309
312 6 313 314 315 324 341 344
313 4 312 315 344 571
314 9 298 304 305 306 310 312 315 324 565
315 5 312 313 314 565 571
316 6 317 318 319 322 323 325
317 7 249 251 262 263 316 319 322
318 6 316 319 320 325 330 331
319 6 263 316 317 318 320 321
320 6 265 287 318 319 321 330
321 4 263 265 319 320
322 6 249 302 303 316 317 323
323 6 303 316 322 324 325 326
324 9 303 305 312 314 323 325 326 341 343
325 11 316 318 323 324 326 331 337 338 339 343 346
326 3 323 324 325
327 8 328 329 332 333 334 338 339 340
328 7 289 327 329 330 331 332 339
329 3 327 328 339
330 6 287 289 318 320 328 331
331 6 318 325 328 330 337 339
332 6 286 288 289 327 328 334
333 6 292 327 334 335 340 411
334 6 288 292 294 327 332 333
335 5 333 340 411 414 415
336 5 338 340 345 347 349
337 3 325 331 339
338 8 325 327 336 339 340 345 346 349
339 7 325 327 328 329 331 337 338
340 8 327 333 335 336 338 348 349 415
341 5 312 324 343 344 571
342 3 343 570 571
343 10 324 325 341 342 344 346 351 352 570 571
344 5 312 313 341 343 571
345 4 336 338 346 347
346 6 325 338 343 345 347 352
347 6 336 345 346 349 350 352
348 5 340 349 415 422 424
349 8 336 338 340 347 348 350 415 424
350 9 347 349 351 352 424 426 428 580 581
351 7 343 350 352 570 572 578 581
352 5 343 346 347 350 351
353 9 74 76 83 86 87 354 363 365 367
354 8 74 353 355 358 364 366 367 369
355 3 354 356 358
356 5 355 357 358 360 361
357 6 356 360 374 375 376 377
358 6 354 355 356 359 361 364
359 2 358 361
360 8 356 357 361 362 377 378 379 380
361 10 356 358 359 360 362 364 368 371 372 380
362 3 360 361 380
363 8 353 365 367 369 383 384 385 386
364 5 354 358 361 369 371
365 4 87 353 363 383
366 1 354
367 4 353 354 363 369
368 4 361 372 380 381
369 9 354 363 364 367 370 371 386 388 392
370 6 369 371 372 373 390 392
371 5 361 364 369 370 372
372 7 361 368 370 371 373 381 382
373 5 370 372 382 390 403
374 4 357 375 376 377
375 3 357 374 376
376 3 357 374 375
377 4 357 360 374 378
378 4 360 377 379 380
379 3 360 378 380
380 8 360 361 362 368 378 379 381 382
381 4 368 372 380 382
382 5 372 373 380 381 403
383 7 87 211 214 215 363 365 384
384 6 214 215 221 363 383 385
385 6 221 363 384 386 387 389
386 5 363 369 385 388 389
387 8 221 223 278 385 389 393 394 395
388 5 369 386 389 392 395
389 5 385 386 387 388 395
390 6 370 373 391 392 403 405
391 7 390 392 399 400 402 405 406
392 7 369 370 388 390 391 395 399
393 6 278 291 387 394 397 410
394 7 387 393 395 396 398 410 412
395 10 387 388 389 392 394 396 398 399 400 412
396 2 394 395
397 5 291 292 393 410 411
398 3 394 395 412
399 4 391 392 395 400
400 6 391 395 399 401 402 412
401 9 400 402 406 407 408 409 412 418 419
402 4 391 400 401 406
403 5 373 382 390 404 405
404 2 403 405
405 5 390 391 403 404 406
406 5 391 401 402 405 407
407 3 401 406 408
408 3 401 407 409
409 4 401 408 419 437
410 5 393 394 397 411 412
411 7 292 333 335 397 410 412 414
412 10 394 395 398 400 401 410 411 414 417 418
413 5 414 415 416 421 422
414 9 335 411 412 413 415 417 421 423 430
415 8 335 340 348 349 413 414 416 422
416 3 413 415 422
417 5 412 414 418 423 431
418 7 401 412 417 419 420 431 437
419 4 401 409 418 437
420 1 418
421 4 413 414 422 430
422 9 348 413 415 416 421 424 425 427 430
423 4 414 417 430 431
424 7 348 349 350 422 425 427 428
425 3 422 424 427
426 5 350 428 580 679 680
427 5 422 424 425 428 430
428 6 350 424 426 427 430 680
429 4 430 435 678 680
430 10 414 421 422 423 427 428 429 431 435 680
431 10 417 418 423 430 432 433 434 435 436 437
432 4 431 433 437 439
433 4 431 432 434 439
434 9 431 433 436 439 684 685 686 688 695
435 6 429 430 431 436 678 685
436 4 431 434 435 685
437 7 409 418 419 431 432 438 439
438 2 437 439
439 6 432 433 434 437 438 695
440 5 27 441 442 444 449
441 6 27 440 442 443 447 449
442 5 440 441 444 449 459
443 1 441
444 6 440 442 445 457 459 460
445 3 444 457 466
446 7 39 42 43 447 448 450 451
447 7 27 39 40 441 446 449 451
448 4 43 446 450 454
449 8 440 441 442 447 451 452 458 459
450 7 446 448 451 453 454 458 465
451 5 446 447 449 450 458
452 2 449 458
453 5 450 454 455 465 506
454 7 43 44 448 450 453 455 456
455 4 453 454 456 506
456 6 44 47 137 454 455 506
457 6 444 445 458 460 466 474
458 10 449 450 451 452 457 459 460 464 465 474
459 5 442 444 449 458 460
460 4 444 457 458 459
461 5 462 463 465 511 513
462 5 461 463 471 511 536
463 6 461 462 464 465 471 473
464 5 458 463 465 473 474
465 8 450 453 458 461 463 464 506 513
466 5 445 457 468 474 481
467 2 468 481
468 7 466 467 470 473 474 476 481
469 7 471 476 478 480 535 536 542
470 4 468 471 473 476
471 7 462 463 469 470 473 476 536
472 1 474
473 6 463 464 468 470 471 474
474 7 457 458 464 466 468 472 473
475 2 476 478
476 8 468 469 470 471 475 477 478 481
477 5 476 478 481 485 490
478 6 469 475 476 477 480 490
479 6 480 490 491 542 543 621
480 5 469 478 479 490 542
481 10 466 467 468 476 477 482 485 486 487 494
482 3 481 484 494
483 2 484 494
484 3 482 483 494
485 5 477 481 486 488 490
486 6 481 485 487 488 492 493
487 4 481 486 493 494
488 9 485 486 489 490 491 492 498 499 620
489 4 488 499 620 629
490 7 477 478 479 480 485 488 491
491 5 479 488 490 620 621
492 5 486 488 493 495 498
493 4 486 487 492 494
494 6 481 482 483 484 487 493
495 3 492 496 498
496 1 495
497 3 498 499 500
498 5 488 492 495 497 499
499 8 488 489 497 498 500 629 630 646
500 3 497 499 501
501 1 500
502 1 503
503 1 502
504 7 138 505 506 507 509 510 513
505 5 137 138 139 504 506
506 8 137 453 455 456 465 504 505 513
507 6 132 154 504 508 509 510
508 9 154 507 509 515 518 519 520 526 527
509 6 504 507 508 512 513 518
510 6 132 133 134 138 504 507
511 7 461 462 512 513 534 535 536
512 7 509 511 513 517 518 535 538
513 7 461 465 504 506 509 511 512
514 6 516 517 526 528 537 538
515 4 508 516 518 526
516 5 514 515 517 518 526
517 5 512 514 516 518 538
518 6 508 509 512 515 516 517
519 5 508 520 525 527 529
520 8 154 155 508 519 521 522 523 525
521 7 153 155 161 163 166 520 522
522 6 166 520 521 523 524 560
523 4 520 522 524 525
524 7 522 523 525 528 533 560 561
525 6 519 520 523 524 528 529
526 7 508 514 515 516 527 528 530
527 6 508 519 526 528 529 530
528 11 514 524 525 526 527 529 530 531 533 537 546
529 4 519 525 527 528
530 3 526 527 528
531 6 528 532 533 546 549 552
532 5 531 533 550 552 568
533 6 524 528 531 532 561 568
534 3 511 535 536
535 8 469 511 512 534 536 538 541 542
536 6 462 469 471 511 534 535
537 7 514 528 538 540 541 546 547
538 6 512 514 517 535 537 541
539 4 540 541 548 554
540 5 537 539 541 547 548
541 8 535 537 538 539 540 542 545 554
542 9 469 479 480 535 541 543 545 623 625
543 4 479 542 621 623
544 5 545 553 622 625 635
545 10 541 542 544 547 553 554 555 558 625 635
546 5 528 531 537 547 549
547 8 537 540 545 546 548 549 554 555
548 4 539 540 547 554
549 6 531 546 547 551 552 555
550 5 532 552 568 595 597
551 5 549 552 555 556 595
552 6 531 532 549 550 551 595
553 3 544 545 635
554 5 539 541 545 547 548
555 7 545 547 549 551 556 557 558
556 5 551 555 557 595 606
557 7 555 556 558 606 638 639 669
558 6 545 555 557 635 638 640
559 6 166 309 310 560 562 565
560 6 166 522 524 559 561 562
561 5 524 533 560 562 568
562 7 559 560 561 563 565 568 569
563 1 562
564 3 565 571 573
565 10 310 314 315 559 562 564 566 569 571 573
566 4 565 569 573 588
567 3 569 600 602
568 8 532 533 550 561 562 569 597 598
569 10 562 565 566 567 568 588 598 600 601 602
570 5 342 343 351 571 572
571 11 313 315 341 342 343 344 564 565 570 572 573
572 10 351 570 571 573 574 577 578 579 582 590
573 7 564 565 566 571 572 588 590
574 6 572 582 584 589 590 594
575 7 576 577 578 580 581 586 587
576 2 575 577
577 7 572 575 576 578 579 582 587
578 6 351 572 575 577 579 581
579 3 572 577 578
580 6 350 426 575 581 586 679
581 5 350 351 575 578 580
582 6 572 574 577 583 584 587
583 6 582 584 585 586 587 592
584 5 574 582 583 592 594
585 6 583 586 592 679 681 683
586 6 575 580 583 585 587 679
587 5 575 577 582 583 586
588 7 566 569 573 589 590 601 616
589 7 574 588 590 591 594 615 616
590 5 572 573 574 588 589
591 5 589 592 593 594 615
592 8 583 584 585 591 593 594 683 692
593 6 591 592 615 692 693 694
594 5 574 584 589 591 592
595 6 550 551 552 556 597 606
596 3 603 604 606
597 5 550 568 595 598 606
598 6 568 569 597 600 603 606
599 2 601 602
600 5 567 569 598 602 603
601 6 569 588 599 602 605 616
602 8 567 569 599 600 601 603 604 605
603 6 596 598 600 602 604 606
604 7 596 602 603 605 606 608 611
605 8 601 602 604 608 609 616 617 619
606 11 556 557 595 596 597 598 603 604 607 611 669
607 6 606 610 611 612 669 670
608 5 604 605 609 611 614
609 5 605 608 613 614 617
610 3 607 611 612
611 7 604 606 607 608 610 612 614
612 5 607 610 611 614 670
613 6 609 614 617 618 674 677
614 8 608 609 611 612 613 670 673 674
615 5 589 591 593 616 619
616 6 588 589 601 605 615 619
617 5 605 609 613 618 619
618 3 613 617 677
619 4 605 615 616 617
620 6 488 489 491 621 623 629
621 5 479 491 543 620 623
622 7 544 623 625 633 634 635 636
623 8 542 543 620 621 622 625 629 633
624 1 625
625 6 542 544 545 622 623 624
626 4 627 629 630 646
627 6 626 628 629 632 633 646
628 2 627 633
629 8 489 499 620 623 626 627 630 633
630 4 499 626 629 646
631 5 633 634 642 648 664
632 4 627 633 646 647
633 11 622 623 627 628 629 631 632 634 647 648 653
634 6 622 631 633 636 637 642
635 8 544 545 553 558 622 636 637 640
636 4 622 634 635 637
637 6 634 635 636 640 642 644
638 5 557 558 639 640 644
639 8 557 638 641 644 645 667 668 669
640 5 558 635 637 638 644
641 3 639 644 645
642 5 631 634 637 644 664
643 5 644 645 663 664 666
644 9 637 638 639 640 641 642 643 645 664
645 6 639 641 643 644 667 676
646 6 499 626 627 630 632 647
647 4 632 633 646 653
648 6 631 633 649 653 655 664
649 5 648 650 653 655 656
650 8 649 651 652 653 654 656 657 659
651 6 650 652 653 659 660 661
652 2 650 651
653 7 633 647 648 649 650 651 661
654 4 650 657 658 659
655 5 648 649 656 664 665
656 4 649 650 655 657
657 4 650 654 656 658
658 2 654 657
659 4 650 651 654 660
660 4 651 659 661 662
661 3 651 653 660
662 1 660
663 2 643 666
664 8 631 642 643 644 648 655 665 666
665 3 655 664 666
666 4 643 663 664 665
667 5 639 645 668 669 676
668 3 639 667 669
669 9 557 606 607 639 667 668 670 673 676
670 5 607 612 614 669 673
671 3 672 673 675
672 4 671 673 674 675
673 6 614 669 670 671 672 674
674 5 613 614 672 673 677
675 2 671 672
676 3 645 667 669
677 3 613 618 674
678 6 429 435 680 681 685 688
679 6 426 580 585 586 680 681
680 7 426 428 429 430 678 679 681
681 10 585 678 679 680 682 683 687 688 690 691
682 4 681 687 688 691
683 5 585 592 681 690 692
684 2 434 686
685 5 434 435 436 678 688
686 3 434 684 695
687 3 681 682 688
688 6 434 678 681 682 685 687
689 3 690 691 694
690 6 681 683 689 691 692 694
691 5 681 682 689 690 694
692 6 592 593 683 690 693 694
693 3 593 692 694
694 6 593 689 690 691 692 693
695 5 434 439 686 696 697
696 2 695 697
697 2 695 696
